400	0.018686
401	0.018677
402	0.018661
403	0.01866
404	0.018684
405	0.018718
406	0.018767
407	0.018822
408	0.018889
409	0.018955
410	0.019006
411	0.019046
412	0.019107
413	0.019181
414	0.019269
415	0.019346
416	0.019432
417	0.019513
418	0.019596
419	0.019683
420	0.019765
421	0.01983
422	0.019906
423	0.019983
424	0.020071
425	0.020166
426	0.020238
427	0.020276
428	0.020323
429	0.020384
430	0.020428
431	0.020461
432	0.020509
433	0.020555
434	0.020596
435	0.020633
436	0.02067
437	0.020703
438	0.020734
439	0.020767
440	0.020812
441	0.02087
442	0.020923
443	0.020976
444	0.021023
445	0.021086
446	0.021131
447	0.021182
448	0.021246
449	0.021316
450	0.021391
451	0.021472
452	0.021563
453	0.021657
454	0.021743
455	0.021832
456	0.021915
457	0.022011
458	0.022097
459	0.022173
460	0.022248
461	0.022308
462	0.022357
463	0.022401
464	0.022448
465	0.022503
466	0.022558
467	0.022603
468	0.022643
469	0.022694
470	0.022736
471	0.022766
472	0.022792
473	0.022821
474	0.022849
475	0.022873
476	0.022901
477	0.022936
478	0.022975
479	0.023011
480	0.023055
481	0.023121
482	0.023191
483	0.023276
484	0.023377
485	0.023504
486	0.023644
487	0.02381
488	0.024015
489	0.02425
490	0.024519
491	0.024813
492	0.025152
493	0.025529
494	0.025944
495	0.026413
496	0.026935
497	0.027522
498	0.028172
499	0.028875
500	0.029655
501	0.030499
502	0.031425
503	0.03243
504	0.033515
505	0.034685
506	0.035958
507	0.037339
508	0.0388
509	0.040375
510	0.042051
511	0.043848
512	0.045766
513	0.047796
514	0.049914
515	0.052162
516	0.054462
517	0.056837
518	0.059252
519	0.0617
520	0.064159
521	0.066609
522	0.069041
523	0.0714
524	0.073659
525	0.075796
526	0.077794
527	0.079635
528	0.081287
529	0.082776
530	0.084104
531	0.085253
532	0.086223
533	0.087043
534	0.087708
535	0.088236
536	0.088631
537	0.08894
538	0.089152
539	0.089296
540	0.089325
541	0.089412
542	0.089428
543	0.089446
544	0.089451
545	0.089502
546	0.089539
547	0.08962
548	0.089686
549	0.089793
550	0.089821
551	0.089831
552	0.08976
553	0.089665
554	0.089487
555	0.089225
556	0.088823
557	0.088394
558	0.087826
559	0.087178
560	0.086504
561	0.085741
562	0.084883
563	0.083936
564	0.082905
565	0.081796
566	0.080614
567	0.079365
568	0.078058
569	0.076696
570	0.075331
571	0.073923
572	0.07256
573	0.071238
574	0.069954
575	0.068748
576	0.067577
577	0.066508
578	0.065499
579	0.064552
580	0.06366
581	0.062819
582	0.06203
583	0.061288
584	0.06059
585	0.059964
586	0.059348
587	0.058774
588	0.058261
589	0.057787
590	0.057347
591	0.056965
592	0.056588
593	0.056267
594	0.055975
595	0.055737
596	0.055475
597	0.055241
598	0.055009
599	0.054752
600	0.054501
601	0.054199
602	0.053875
603	0.053509
604	0.053072
605	0.052622
606	0.052108
607	0.051536
608	0.050929
609	0.050295
610	0.049653
611	0.049005
612	0.048352
613	0.047677
614	0.04702
615	0.046374
616	0.045767
617	0.045191
618	0.044647
619	0.044165
620	0.043744
621	0.043364
622	0.04305
623	0.042774
624	0.042534
625	0.042355
626	0.042197
627	0.042084
628	0.041998
629	0.041902
630	0.041821
631	0.04171
632	0.041556
633	0.041358
634	0.041094
635	0.040744
636	0.04033
637	0.039815
638	0.039238
639	0.038588
640	0.037887
641	0.037159
642	0.036401
643	0.03564
644	0.034886
645	0.034158
646	0.033466
647	0.03283
648	0.032247
649	0.031731
650	0.031273
651	0.030883
652	0.030526
653	0.030185
654	0.02984
655	0.029476
656	0.029079
657	0.028639
658	0.028165
659	0.027662
660	0.027143
661	0.026613
662	0.026107
663	0.025633
664	0.025197
665	0.024821
666	0.024499
667	0.024244
668	0.024059
669	0.02393
670	0.023859
671	0.023836
672	0.023859
673	0.023933
674	0.024045
675	0.024192
676	0.024381
677	0.024607
678	0.024876
679	0.025194
680	0.025567
681	0.026013
682	0.02654
683	0.027177
684	0.027972
685	0.028952
686	0.030172
687	0.031713
688	0.033636
689	0.035991
690	0.038854
691	0.042261
692	0.046226
693	0.050763
694	0.055865
695	0.061523
696	0.067671
697	0.074306
698	0.081352
699	0.088739
700	0.096453
701	0.10443
702	0.1125
703	0.12072
704	0.12901
705	0.13732
706	0.14567
707	0.15407
708	0.16253
709	0.17103
710	0.17964
711	0.18831
712	0.1971
713	0.206
714	0.21504
715	0.22419
716	0.2335
717	0.2429
718	0.25238
719	0.26202
720	0.27171
721	0.2815
722	0.29135
723	0.30122
724	0.31108
725	0.32101
726	0.33079
727	0.34056
728	0.35017
729	0.35972
730	0.36913
731	0.3783
732	0.38741
733	0.39629
734	0.40484
735	0.41312
736	0.42111
737	0.42883
738	0.43625
739	0.44336
740	0.4501
741	0.45648
742	0.46253
743	0.46821
744	0.47354
745	0.47856
746	0.48323
747	0.48749
748	0.49144
749	0.49507
750	0.49835
751	0.50158
752	0.50473
753	0.50775
754	0.51066
755	0.51345
756	0.51613
757	0.51869
758	0.52112
759	0.52344
760	0.52563
761	0.52768
762	0.52962
763	0.53142
764	0.53311
765	0.53468
766	0.53612
767	0.53743
768	0.53865
769	0.53973
770	0.54071
771	0.54158
772	0.54235
773	0.54302
774	0.5436
775	0.54407
776	0.54448
777	0.54479
778	0.54502
779	0.54519
780	0.54528
781	0.54533
782	0.54538
783	0.54544
784	0.54549
785	0.54555
786	0.54561
787	0.54568
788	0.54574
789	0.54579
790	0.54585
791	0.5459
792	0.54596
793	0.54601
794	0.54606
795	0.54611
796	0.54617
797	0.54621
798	0.54627
799	0.54632
800	0.54637
801	0.54642
802	0.54646
803	0.54652
804	0.54656
805	0.54661
806	0.54665
807	0.5467
808	0.54676
809	0.54678
810	0.54683
811	0.54686
812	0.5469
813	0.54693
814	0.54697
815	0.54701
816	0.54704
817	0.54706
818	0.54708
819	0.54712
820	0.54715
821	0.54716
822	0.54715
823	0.54718
824	0.5472
825	0.54718
826	0.54711
827	0.54711
828	0.54708
829	0.54699
830	0.54696
831	0.54693
832	0.54686
833	0.54678
834	0.54677
835	0.54677
836	0.54674
837	0.54674
838	0.54676
839	0.54674
840	0.54675
841	0.54677
842	0.54679
843	0.5468
844	0.54683
845	0.54685
846	0.54687
847	0.54689
848	0.54692
849	0.54692
850	0.54696
851	0.54697
852	0.54697
853	0.54699
854	0.54702
855	0.54703
856	0.54702
857	0.54703
858	0.54706
859	0.54705
860	0.54707
861	0.5471
862	0.5471
863	0.54712
864	0.54713
865	0.54712
866	0.54712
867	0.54713
868	0.54716
869	0.54719
870	0.54721
871	0.5472
872	0.54722
873	0.54725
874	0.54724
875	0.54726
876	0.54725
877	0.54725
878	0.54725
879	0.54726
880	0.54723
881	0.54723
882	0.54724
883	0.54722
884	0.54721
885	0.54723
886	0.54723
887	0.54723
888	0.5472
889	0.54721
890	0.54721
891	0.54718
892	0.54717
893	0.54719
894	0.54719
895	0.54719
896	0.54715
897	0.54716
898	0.54716
899	0.54714
900	0.54713
901	0.54712
902	0.54709
903	0.54707
904	0.54708
905	0.54709
906	0.54707
907	0.54703
908	0.547
909	0.54701
910	0.547
911	0.54698
912	0.54689
913	0.54685
914	0.54682
915	0.54681
916	0.54674
917	0.54658
918	0.54649
919	0.54644
920	0.54641
921	0.54626
922	0.54599
923	0.54583
924	0.54571
925	0.54555
926	0.5454
927	0.54527
928	0.54499
929	0.5445
930	0.54419
931	0.54399
932	0.54372
933	0.54345
934	0.54325
935	0.54293
936	0.54236
937	0.54188
938	0.54156
939	0.54132
940	0.5408
941	0.53991
942	0.5394
943	0.53907
944	0.53859
945	0.53798
946	0.53738
947	0.53688
948	0.53643
949	0.53545
950	0.53379
951	0.53273
952	0.53202
953	0.53104
954	0.52995
955	0.52898
956	0.52812
957	0.5273
958	0.52663
959	0.5261
960	0.52544
961	0.52457
962	0.52417
963	0.52407
964	0.52391
965	0.5237
966	0.52353
967	0.52342
968	0.52335
969	0.52329
970	0.52321
971	0.52314
972	0.5231
973	0.52304
974	0.52296
975	0.52295
976	0.52299
977	0.52303
978	0.52311
979	0.52323
980	0.52337
981	0.52351
982	0.52365
983	0.5238
984	0.52398
985	0.52416
986	0.52437
987	0.52458
988	0.52481
989	0.52503
990	0.52528
991	0.52561
992	0.52593
993	0.5262
994	0.52645
995	0.52677
996	0.52712
997	0.52746
998	0.52778
999	0.52809
1000	0.52842
1001	0.52879
1002	0.52915
1003	0.52946
1004	0.52977
1005	0.53012
1006	0.53046
1007	0.53083
1008	0.53121
1009	0.53158
1010	0.53197
1011	0.53236
1012	0.53274
1013	0.53309
1014	0.53343
1015	0.53377
1016	0.53411
1017	0.53446
1018	0.53484
1019	0.53526
1020	0.5357
1021	0.53611
1022	0.5365
1023	0.53689
1024	0.53727
1025	0.53763
1026	0.53797
1027	0.53833
1028	0.53875
1029	0.53915
1030	0.53951
1031	0.53973
1032	0.53992
1033	0.54013
1034	0.54045
1035	0.54079
1036	0.54109
1037	0.54137
1038	0.54167
1039	0.54197
1040	0.54223
1041	0.54249
1042	0.54276
1043	0.54301
1044	0.54321
1045	0.54337
1046	0.54355
1047	0.54382
1048	0.54407
1049	0.54426
1050	0.54442
1051	0.5446
1052	0.5448
1053	0.545
1054	0.54517
1055	0.54529
1056	0.54538
1057	0.54546
1058	0.54556
1059	0.54567
1060	0.54582
1061	0.54597
1062	0.54608
1063	0.54614
1064	0.5462
1065	0.54626
1066	0.54631
1067	0.54639
1068	0.54644
1069	0.54648
1070	0.54653
1071	0.54655
1072	0.54658
1073	0.5466
1074	0.54661
1075	0.54659
1076	0.54653
1077	0.54649
1078	0.5465
1079	0.54651
1080	0.5465
1081	0.54643
1082	0.54633
1083	0.5462
1084	0.54607
1085	0.54599
1086	0.54593
1087	0.54587
1088	0.54577
1089	0.54564
1090	0.54549
1091	0.54534
1092	0.54525
1093	0.54518
1094	0.54507
1095	0.54492
1096	0.54469
1097	0.54443
1098	0.54418
1099	0.54404
1100	0.54396
1101	0.54381
1102	0.54358
1103	0.54334
1104	0.54319
1105	0.54306
1106	0.54292
1107	0.54267
1108	0.54242
1109	0.54224
1110	0.54209
1111	0.5419
1112	0.54161
1113	0.54138
1114	0.54135
1115	0.5414
1116	0.54133
1117	0.54109
1118	0.54078
1119	0.54055
1120	0.54033
1121	0.54003
1122	0.5396
1123	0.53919
1124	0.53892
1125	0.53865
1126	0.53815
1127	0.53733
1128	0.53647
1129	0.53582
1130	0.53517
1131	0.53423
1132	0.53281
1133	0.53121
1134	0.52976
1135	0.52846
1136	0.52723
1137	0.52594
1138	0.52437
1139	0.52224
1140	0.51951
1141	0.51689
1142	0.51499
1143	0.51336
1144	0.51131
1145	0.50848
1146	0.50567
1147	0.50367
1148	0.50227
1149	0.50106
1150	0.49965
1151	0.49806
1152	0.49641
1153	0.49481
1154	0.49348
1155	0.49256
1156	0.49199
1157	0.49155
1158	0.49107
1159	0.49057
1160	0.4901
1161	0.48957
1162	0.48916
1163	0.48897
1164	0.48888
1165	0.48887
1166	0.48875
1167	0.48862
1168	0.48853
1169	0.48848
1170	0.48845
1171	0.48819
1172	0.48774
1173	0.48733
1174	0.48725
1175	0.48737
1176	0.48753
1177	0.48749
1178	0.48736
1179	0.48723
1180	0.48711
1181	0.48705
1182	0.48695
1183	0.48678
1184	0.48661
1185	0.48641
1186	0.4863
1187	0.48617
1188	0.48607
1189	0.48593
1190	0.48587
1191	0.48576
1192	0.48571
1193	0.48562
1194	0.48556
1195	0.48544
1196	0.48534
1197	0.48529
1198	0.48529
1199	0.48549
1200	0.48584
1201	0.48615
1202	0.4861
1203	0.48593
1204	0.48582
1205	0.48589
1206	0.48611
1207	0.48631
1208	0.48633
1209	0.48626
1210	0.48625
1211	0.48636
1212	0.48653
1213	0.4866
1214	0.48649
1215	0.48634
1216	0.48637
1217	0.48657
1218	0.48685
1219	0.48708
1220	0.48704
1221	0.48691
1222	0.48681
1223	0.48675
1224	0.48679
1225	0.48683
1226	0.48669
1227	0.48653
1228	0.48636
1229	0.48631
1230	0.48632
1231	0.48636
1232	0.4863
1233	0.48625
1234	0.48625
1235	0.48629
1236	0.48626
1237	0.48618
1238	0.48601
1239	0.48579
1240	0.48564
1241	0.48553
1242	0.4855
1243	0.48554
1244	0.48543
1245	0.48544
1246	0.48529
1247	0.48525
1248	0.48512
1249	0.48501
1250	0.48491
1251	0.48489
1252	0.48478
1253	0.48473
1254	0.48454
1255	0.4843
1256	0.48402
1257	0.4838
1258	0.48361
1259	0.48341
1260	0.48337
1261	0.48335
1262	0.4833
1263	0.48312
1264	0.48295
1265	0.48272
1266	0.48254
1267	0.48234
1268	0.48213
1269	0.48196
1270	0.48166
1271	0.48134
1272	0.48097
1273	0.48052
1274	0.48006
1275	0.47965
1276	0.47933
1277	0.47904
1278	0.47879
1279	0.47846
1280	0.47804
1281	0.47753
1282	0.47704
1283	0.47646
1284	0.47597
1285	0.4755
1286	0.47509
1287	0.47481
1288	0.47444
1289	0.474
1290	0.47357
1291	0.47305
1292	0.47254
1293	0.47203
1294	0.47144
1295	0.47086
1296	0.4702
1297	0.46953
1298	0.4689
1299	0.46836
1300	0.46819
1301	0.46707
1302	0.46675
1303	0.46631
1304	0.46567
1305	0.4652
1306	0.46403
1307	0.46339
1308	0.4625
1309	0.46164
1310	0.46091
1311	0.46017
1312	0.45917
1313	0.45789
1314	0.45686
1315	0.45563
1316	0.4546
1317	0.45346
1318	0.45213
1319	0.45085
1320	0.44899
1321	0.44773
1322	0.4462
1323	0.44474
1324	0.44354
1325	0.44289
1326	0.44153
1327	0.43943
1328	0.43736
1329	0.43544
1330	0.43433
1331	0.4332
1332	0.43183
1333	0.43017
1334	0.4278
1335	0.42547
1336	0.4235
1337	0.42145
1338	0.41966
1339	0.41827
1340	0.4172
1341	0.41574
1342	0.41388
1343	0.41239
1344	0.41032
1345	0.40785
1346	0.40529
1347	0.40301
1348	0.40093
1349	0.39946
1350	0.3974
1351	0.39587
1352	0.39392
1353	0.39223
1354	0.39044
1355	0.38898
1356	0.38714
1357	0.38574
1358	0.38412
1359	0.38373
1360	0.38362
1361	0.38283
1362	0.38126
1363	0.37935
1364	0.37793
1365	0.37643
1366	0.37429
1367	0.37301
1368	0.37081
1369	0.36835
1370	0.36561
1371	0.36208
1372	0.35828
1373	0.35507
1374	0.35101
1375	0.34637
1376	0.34256
1377	0.33811
1378	0.33385
1379	0.32932
1380	0.32607
1381	0.3207
1382	0.31512
1383	0.30871
1384	0.30339
1385	0.29626
1386	0.28924
1387	0.28245
1388	0.27513
1389	0.26962
1390	0.26249
1391	0.25612
1392	0.2497
1393	0.24373
1394	0.2371
1395	0.2324
1396	0.22691
1397	0.22087
1398	0.21561
1399	0.21055
1400	0.20577
1401	0.20122
1402	0.19647
1403	0.19244
1404	0.18881
1405	0.18583
1406	0.18236
1407	0.17919
1408	0.17618
1409	0.17309
1410	0.1703
1411	0.16788
1412	0.16553
1413	0.16344
1414	0.16142
1415	0.15946
1416	0.15767
1417	0.15601
1418	0.15434
1419	0.15292
1420	0.15158
1421	0.15025
1422	0.14898
1423	0.14779
1424	0.1467
1425	0.14542
1426	0.14444
1427	0.14356
1428	0.14277
1429	0.14202
1430	0.14123
1431	0.1406
1432	0.13988
1433	0.1394
1434	0.13876
1435	0.13824
1436	0.13779
1437	0.13733
1438	0.13691
1439	0.13658
1440	0.13626
1441	0.13595
1442	0.13572
1443	0.13557
1444	0.13543
1445	0.13534
1446	0.13522
1447	0.13512
1448	0.13509
1449	0.13508
1450	0.13509
1451	0.13514
1452	0.13516
1453	0.13521
1454	0.1353
1455	0.13542
1456	0.13559
1457	0.13577
1458	0.13606
1459	0.13629
1460	0.13648
1461	0.13692
1462	0.13732
1463	0.13776
1464	0.13839
1465	0.13898
1466	0.13956
1467	0.14042
1468	0.14114
1469	0.14188
1470	0.14283
1471	0.14359
1472	0.14435
1473	0.14545
1474	0.14623
1475	0.14745
1476	0.1484
1477	0.14937
1478	0.15045
1479	0.15144
1480	0.15269
1481	0.15357
1482	0.15463
1483	0.15556
1484	0.15674
1485	0.15771
1486	0.15864
1487	0.15989
1488	0.16094
1489	0.16234
1490	0.16332
1491	0.1647
1492	0.1658
1493	0.16708
1494	0.1682
1495	0.16964
1496	0.1709
1497	0.17228
1498	0.1736
1499	0.17477
1500	0.17621
1501	0.17724
1502	0.17867
1503	0.18
1504	0.18147
1505	0.18292
1506	0.18403
1507	0.18546
1508	0.18648
1509	0.18794
1510	0.18942
1511	0.1907
1512	0.19218
1513	0.19325
1514	0.19471
1515	0.19621
1516	0.19737
1517	0.19887
1518	0.20028
1519	0.2014
1520	0.20274
1521	0.20425
1522	0.20535
1523	0.20686
1524	0.20838
1525	0.20951
1526	0.21091
1527	0.21225
1528	0.21339
1529	0.21459
1530	0.21582
1531	0.21729
1532	0.21832
1533	0.21965
1534	0.22098
1535	0.22226
1536	0.22332
1537	0.22457
1538	0.22568
1539	0.22707
1540	0.2282
1541	0.22921
1542	0.2305
1543	0.23171
1544	0.23306
1545	0.23404
1546	0.23503
1547	0.23634
1548	0.23749
1549	0.23864
1550	0.23972
1551	0.24069
1552	0.2416
1553	0.24278
1554	0.24374
1555	0.24487
1556	0.246
1557	0.247
1558	0.24765
1559	0.24853
1560	0.24936
1561	0.2502
1562	0.25104
1563	0.25196
1564	0.2527
1565	0.25366
1566	0.25441
1567	0.2554
1568	0.25614
1569	0.25698
1570	0.25782
1571	0.25864
1572	0.25949
1573	0.2604
1574	0.2613
1575	0.26193
1576	0.26294
1577	0.26357
1578	0.26432
1579	0.26514
1580	0.26583
1581	0.26673
1582	0.26758
1583	0.26851
1584	0.26919
1585	0.27006
1586	0.2709
1587	0.27163
1588	0.27219
1589	0.27306
1590	0.27372
1591	0.27462
1592	0.27547
1593	0.27656
1594	0.27751
1595	0.2784
1596	0.27891
1597	0.27975
1598	0.28038
1599	0.28125
1600	0.28204
1601	0.28275
1602	0.28334
1603	0.28433
1604	0.28494
1605	0.28578
1606	0.28637
1607	0.28701
1608	0.28748
1609	0.28815
1610	0.28857
1611	0.28924
1612	0.28983
1613	0.29059
1614	0.29113
1615	0.29175
1616	0.29221
1617	0.29272
1618	0.29312
1619	0.29385
1620	0.29418
1621	0.29476
1622	0.29537
1623	0.29598
1624	0.29666
1625	0.29717
1626	0.29743
1627	0.29804
1628	0.29828
1629	0.29881
1630	0.29915
1631	0.29954
1632	0.29961
1633	0.30016
1634	0.30063
1635	0.30122
1636	0.30132
1637	0.30186
1638	0.30208
1639	0.3025
1640	0.30248
1641	0.3031
1642	0.30333
1643	0.30383
1644	0.30401
1645	0.30436
1646	0.30454
1647	0.30485
1648	0.30482
1649	0.30532
1650	0.30525
1651	0.30524
1652	0.30502
1653	0.30533
1654	0.30474
1655	0.30479
1656	0.30453
1657	0.30465
1658	0.30404
1659	0.30374
1660	0.30346
1661	0.30317
1662	0.30266
1663	0.30243
1664	0.30193
1665	0.3017
1666	0.30111
1667	0.30076
1668	0.30017
1669	0.29979
1670	0.29984
1671	0.3013
1672	0.30062
1673	0.3004
1674	0.29994
1675	0.2995
1676	0.29877
1677	0.29847
1678	0.29789
1679	0.29739
1680	0.29664
1681	0.29624
1682	0.2954
1683	0.29476
1684	0.29424
1685	0.29362
1686	0.29286
1687	0.29223
1688	0.29146
1689	0.29093
1690	0.29015
1691	0.28973
1692	0.28921
1693	0.28872
1694	0.28786
1695	0.28726
1696	0.28663
1697	0.28604
1698	0.28534
1699	0.28456
1700	0.28384
1701	0.28315
1702	0.28239
1703	0.28188
1704	0.28128
1705	0.28079
1706	0.28007
1707	0.27959
1708	0.27875
1709	0.27833
1710	0.2777
1711	0.27705
1712	0.27642
1713	0.27593
1714	0.27532
1715	0.27493
1716	0.27437
1717	0.27396
1718	0.27326
1719	0.27277
1720	0.2721
1721	0.2717
1722	0.27121
1723	0.2708
1724	0.27039
1725	0.26994
1726	0.26941
1727	0.26928
1728	0.26899
1729	0.26874
1730	0.26844
1731	0.26846
1732	0.26831
1733	0.26825
1734	0.26801
1735	0.26792
1736	0.26804
1737	0.26782
1738	0.26756
1739	0.26745
1740	0.26713
1741	0.2669
1742	0.2666
1743	0.26638
1744	0.26585
1745	0.2653
1746	0.26476
1747	0.2644
1748	0.26382
1749	0.26326
1750	0.26273
1751	0.26208
1752	0.26133
1753	0.26081
1754	0.26032
1755	0.25977
1756	0.25909
1757	0.25846
1758	0.25799
1759	0.25755
1760	0.25699
1761	0.25652
1762	0.25625
1763	0.2559
1764	0.25535
1765	0.255
1766	0.25476
1767	0.2546
1768	0.2543
1769	0.25423
1770	0.25414
1771	0.25429
1772	0.25452
1773	0.25423
1774	0.25424
1775	0.25411
1776	0.25401
1777	0.25421
1778	0.25423
1779	0.25407
1780	0.25403
1781	0.25391
1782	0.25387
1783	0.25367
1784	0.25356
1785	0.25318
1786	0.253
1787	0.25273
1788	0.25279
1789	0.25276
1790	0.25259
1791	0.25268
1792	0.25258
1793	0.25262
1794	0.25271
1795	0.25283
1796	0.25276
1797	0.253
1798	0.25336
1799	0.2535
1800	0.25351
1801	0.2539
1802	0.25407
1803	0.25425
1804	0.25438
1805	0.25463
1806	0.25468
1807	0.25483
1808	0.25466
1809	0.25469
1810	0.25484
1811	0.25472
1812	0.25466
1813	0.25473
1814	0.25482
1815	0.25498
1816	0.25477
1817	0.25486
1818	0.25487
1819	0.25487
1820	0.255
1821	0.25504
1822	0.25498
1823	0.25511
1824	0.25493
1825	0.25524
1826	0.25522
1827	0.25501
1828	0.25469
1829	0.25465
1830	0.25446
1831	0.25428
1832	0.25368
1833	0.25343
1834	0.25313
1835	0.25261
1836	0.25238
1837	0.25204
1838	0.25147
1839	0.25103
1840	0.25046
1841	0.2496
1842	0.24886
1843	0.24786
1844	0.24702
1845	0.246
1846	0.24498
1847	0.24401
1848	0.24245
1849	0.24094
1850	0.23931
1851	0.23797
1852	0.23552
1853	0.23368
1854	0.23172
1855	0.22974
1856	0.22753
1857	0.22506
1858	0.22228
1859	0.21976
1860	0.21656
1861	0.21376
1862	0.20898
1863	0.20531
1864	0.20151
1865	0.19798
1866	0.19379
1867	0.19004
1868	0.18568
1869	0.18217
1870	0.17593
1871	0.17128
1872	0.16663
1873	0.1616
1874	0.1568
1875	0.1514
1876	0.14658
1877	0.13902
1878	0.13354
1879	0.12848
1880	0.12337
1881	0.11779
1882	0.11306
1883	0.10569
1884	0.10064
1885	0.096013
1886	0.091546
1887	0.086944
1888	0.081303
1889	0.077168
1890	0.073547
1891	0.070165
1892	0.066819
1893	0.062747
1894	0.059937
1895	0.057576
1896	0.055407
1897	0.053609
1898	0.050777
1899	0.049326
1900	0.047976
1901	0.046526
1902	0.044759
1903	0.043601
1904	0.042639
1905	0.041792
1906	0.040607
1907	0.039889
1908	0.03919
1909	0.038635
1910	0.037871
1911	0.037372
1912	0.036928
1913	0.036543
1914	0.036037
1915	0.03578
1916	0.035476
1917	0.035198
1918	0.034828
1919	0.034599
1920	0.034377
1921	0.034107
1922	0.033912
1923	0.033746
1924	0.033566
1925	0.033478
1926	0.033356
1927	0.033302
1928	0.033249
1929	0.033225
1930	0.033212
1931	0.033259
1932	0.033271
1933	0.03331
1934	0.033414
1935	0.033494
1936	0.033611
1937	0.033789
1938	0.0339
1939	0.034049
1940	0.034269
1941	0.034459
1942	0.034646
1943	0.03494
1944	0.035175
1945	0.035412
1946	0.035722
1947	0.036013
1948	0.036229
1949	0.03663
1950	0.036886
1951	0.037344
1952	0.037616
1953	0.037935
1954	0.038378
1955	0.038747
1956	0.039044
1957	0.039552
1958	0.039903
1959	0.040386
1960	0.040792
1961	0.041114
1962	0.041712
1963	0.042052
1964	0.042632
1965	0.043044
1966	0.043466
1967	0.044038
1968	0.044495
1969	0.04509
1970	0.045495
1971	0.046233
1972	0.046623
1973	0.047002
1974	0.047754
1975	0.048218
1976	0.048861
1977	0.049326
1978	0.05007
1979	0.050544
1980	0.051249
1981	0.051759
1982	0.052222
1983	0.053034
1984	0.053524
1985	0.05429
1986	0.054797
1987	0.05552
1988	0.056005
1989	0.05677
1990	0.057332
1991	0.058033
1992	0.058566
1993	0.059303
1994	0.059854
1995	0.060607
1996	0.061112
1997	0.0619
1998	0.062397
1999	0.063219
2000	0.063741
2001	0.064249
2002	0.06502
2003	0.065858
2004	0.066337
2005	0.067139
2006	0.06767
2007	0.068406
2008	0.068909
2009	0.069667
2010	0.070116
2011	0.070866
2012	0.071357
2013	0.07214
2014	0.072612
2015	0.073351
2016	0.073809
2017	0.074516
2018	0.074904
2019	0.075546
2020	0.07599
2021	0.076647
2022	0.077299
2023	0.077637
2024	0.078294
2025	0.078688
2026	0.079297
2027	0.0796
2028	0.080193
2029	0.080793
2030	0.081133
2031	0.081575
2032	0.081933
2033	0.082475
2034	0.082759
2035	0.083297
2036	0.083827
2037	0.084037
2038	0.08459
2039	0.08479
2040	0.085278
2041	0.085758
2042	0.08596
2043	0.086432
2044	0.086635
2045	0.087069
2046	0.087505
2047	0.087728
2048	0.088182
2049	0.08839
2050	0.088807
2051	0.089222
2052	0.089424
2053	0.089823
2054	0.090291
2055	0.090489
2056	0.090965
2057	0.091197
2058	0.091704
2059	0.092184
2060	0.092494
2061	0.093028
2062	0.093499
2063	0.093863
2064	0.09434
2065	0.094936
2066	0.095193
2067	0.095713
2068	0.096253
2069	0.096583
2070	0.097092
2071	0.097665
2072	0.097929
2073	0.098448
2074	0.098961
2075	0.099335
2076	0.099812
2077	0.10036
2078	0.10066
2079	0.10115
2080	0.10159
2081	0.10186
2082	0.10241
2083	0.10288
2084	0.10313
2085	0.10358
2086	0.10408
2087	0.10453
2088	0.10482
2089	0.10529
2090	0.10573
2091	0.10604
2092	0.1064
2093	0.10694
2094	0.10733
2095	0.1076
2096	0.10796
2097	0.10842
2098	0.10874
2099	0.10914
2100	0.10955
2101	0.10999
2102	0.11026
2103	0.11073
2104	0.11114
2105	0.1116
2106	0.11184
2107	0.11224
2108	0.11261
2109	0.11299
2110	0.11326
2111	0.11364
2112	0.11398
2113	0.11441
2114	0.11462
2115	0.11494
2116	0.11533
2117	0.11572
2118	0.11596
2119	0.11634
2120	0.11673
2121	0.11721
2122	0.11754
2123	0.11779
2124	0.11817
2125	0.1185
2126	0.11886
2127	0.11909
2128	0.11938
2129	0.11971
2130	0.12005
2131	0.12039
2132	0.12056
2133	0.1209
2134	0.12112
2135	0.12136
2136	0.12168
2137	0.12182
2138	0.12204
2139	0.12223
2140	0.12245
2141	0.12273
2142	0.12295
2143	0.12308
2144	0.12328
2145	0.12355
2146	0.12383
2147	0.12405
2148	0.12419
2149	0.12436
2150	0.12466
2151	0.12493
2152	0.12513
2153	0.12538
2154	0.12552
2155	0.12574
2156	0.12607
2157	0.12619
2158	0.12642
2159	0.12662
2160	0.12684
2161	0.12693
2162	0.12718
2163	0.12738
2164	0.12763
2165	0.1278
2166	0.12803
2167	0.12828
2168	0.1285
2169	0.12864
2170	0.12886
2171	0.12909
2172	0.12929
2173	0.12954
2174	0.12982
2175	0.13002
2176	0.13028
2177	0.13053
2178	0.13082
2179	0.13116
2180	0.13148
2181	0.13174
2182	0.13206
2183	0.13234
2184	0.13263
2185	0.13298
2186	0.13325
2187	0.13351
2188	0.13386
2189	0.1341
2190	0.13433
2191	0.13465
2192	0.13489
2193	0.13514
2194	0.13525
2195	0.1354
2196	0.13563
2197	0.13587
2198	0.13604
2199	0.13613
2200	0.13633
2201	0.13654
2202	0.13672
2203	0.13689
2204	0.137
2205	0.13718
2206	0.13733
2207	0.13747
2208	0.13772
2209	0.13787
2210	0.13808
2211	0.13829
2212	0.13844
2213	0.13856
2214	0.13862
2215	0.13873
2216	0.13873
2217	0.13877
2218	0.13874
2219	0.13876
2220	0.13885
2221	0.13885
2222	0.13885
2223	0.13871
2224	0.13864
2225	0.13855
2226	0.13833
2227	0.1381
2228	0.13788
2229	0.13757
2230	0.1372
2231	0.13693
2232	0.13653
2233	0.13607
2234	0.13571
2235	0.13521
2236	0.13467
2237	0.13408
2238	0.13355
2239	0.13291
2240	0.13224
2241	0.13153
2242	0.13082
2243	0.13003
2244	0.12925
2245	0.12848
2246	0.12764
2247	0.12686
2248	0.12606
2249	0.12525
2250	0.12449
2251	0.12374
2252	0.123
2253	0.12208
2254	0.12131
2255	0.12045
2256	0.11971
2257	0.11896
2258	0.11829
2259	0.11756
2260	0.11683
2261	0.11605
2262	0.11541
2263	0.1147
2264	0.11399
2265	0.11332
2266	0.1127
2267	0.11206
2268	0.1114
2269	0.11075
2270	0.11013
2271	0.10962
2272	0.10913
2273	0.1086
2274	0.10798
2275	0.10752
2276	0.10696
2277	0.10651
2278	0.10608
2279	0.10563
2280	0.10526
2281	0.1048
2282	0.10426
2283	0.10386
2284	0.10331
2285	0.10281
2286	0.10232
2287	0.1017
2288	0.10118
2289	0.10064
2290	0.10006
2291	0.099661
2292	0.099125
2293	0.098737
2294	0.098262
2295	0.09786
2296	0.09739
2297	0.096984
2298	0.096386
2299	0.096018
2300	0.095576
2301	0.095178
2302	0.094694
2303	0.094377
2304	0.094011
2305	0.093767
2306	0.093178
2307	0.092951
2308	0.092734
2309	0.092487
2310	0.092256
2311	0.092137
2312	0.091915
2313	0.091814
2314	0.091393
2315	0.09137
2316	0.091155
2317	0.091007
2318	0.090838
2319	0.090749
2320	0.090522
2321	0.090348
2322	0.089902
2323	0.089762
2324	0.089508
2325	0.089238
2326	0.08903
2327	0.088843
2328	0.088253
2329	0.088027
2330	0.087708
2331	0.087406
2332	0.087062
2333	0.086709
2334	0.086348
2335	0.085776
2336	0.085459
2337	0.085144
2338	0.084798
2339	0.084493
2340	0.083857
2341	0.083618
2342	0.083247
2343	0.082978
2344	0.082676
2345	0.082424
2346	0.081933
2347	0.081711
2348	0.081473
2349	0.081301
2350	0.081058
2351	0.080584
2352	0.080482
2353	0.080303
2354	0.079997
2355	0.079816
2356	0.079676
2357	0.0792
2358	0.07906
2359	0.078964
2360	0.078713
2361	0.078539
2362	0.078008
2363	0.077884
2364	0.077731
2365	0.077572
2366	0.077099
2367	0.076875
2368	0.076596
2369	0.076316
2370	0.076124
2371	0.075609
2372	0.075386
2373	0.075118
2374	0.074967
2375	0.07439
2376	0.074298
2377	0.074009
2378	0.073702
2379	0.073567
2380	0.073016
2381	0.072774
2382	0.072449
2383	0.072242
2384	0.07171
2385	0.071428
2386	0.071187
2387	0.070971
2388	0.07043
2389	0.070135
2390	0.06985
2391	0.069568
2392	0.069011
2393	0.068715
2394	0.068424
2395	0.06818
2396	0.067665
2397	0.06743
2398	0.067141
2399	0.066901
2400	0.066333
2401	0.066083
2402	0.065741
2403	0.065517
2404	0.064865
2405	0.064588
2406	0.064286
2407	0.06374
2408	0.063435
2409	0.063157
2410	0.062903
2411	0.062399
2412	0.062021
2413	0.061671
2414	0.061079
2415	0.060772
2416	0.060405
2417	0.06006
2418	0.05948
2419	0.059136
2420	0.058762
2421	0.058157
2422	0.057788
2423	0.057435
2424	0.057111
2425	0.056453
2426	0.056132
2427	0.055772
2428	0.055178
2429	0.054827
2430	0.05441
2431	0.053845
2432	0.053477
2433	0.053103
2434	0.052788
2435	0.052146
2436	0.051801
2437	0.051444
2438	0.050875
2439	0.050508
2440	0.050179
2441	0.049573
2442	0.049267
2443	0.048912
2444	0.048259
2445	0.047853
2446	0.047502
2447	0.046922
2448	0.046545
2449	0.046204
2450	0.045633
2451	0.045272
2452	0.044953
2453	0.044316
2454	0.043996
2455	0.04369
2456	0.043099
2457	0.042816
2458	0.042494
2459	0.041959
2460	0.041668
2461	0.041348
2462	0.040834
2463	0.040598
2464	0.040345
2465	0.039892
2466	0.039587
2467	0.039106
2468	0.038793
2469	0.038591
2470	0.038125
2471	0.037935
2472	0.037709
2473	0.037232
2474	0.037006
2475	0.036818
2476	0.036459
2477	0.036291
2478	0.035959
2479	0.035734
2480	0.03554
2481	0.035253
2482	0.035108
2483	0.035034
2484	0.034728
2485	0.034486
2486	0.033968
2487	0.033916
2488	0.033745
2489	0.033309
2490	0.033228
2491	0.033051
2492	0.032822
2493	0.0327
2494	0.032533
2495	0.032465
2496	0.032449
2497	0.032234
2498	0.032237
2499	0.03199
2500	0.032048
